return{connection=CFrame.new(0,0,-1.4),mouth=true,releaseSpeed=0.7,releaseAfter={one={["\x52\x6F\x6F\x74\x4A\x6F\x69\x6E\x74"]=CFrame.new(0,0,0,1,0,0,0,0.984028041,0.178013682,0,-0.178013682,0.984028041);["\x4E\x65\x63\x6B"]=CFrame.new(0,0,0,1,0,0,0,0.947435617,-0.319946408,0,0.319946408,0.947435617);["\x4C\x65\x66\x74\x20\x48\x69\x70"]=CFrame.new(1.49011612e-08,-1.1920929e-07,5.96046448e-08,0.973957956,-0.219179749,0.0580184124,0.216672271,0.975134552,0.0465377718,-0.0667758957,-0.0327548534,0.997230172);["\x52\x69\x67\x68\x74\x20\x53\x68\x6F\x75\x6C\x64\x65\x72"]=CFrame.new(0.806104302,-0.699631393,0.0780067146,0.566476762,-0.668469191,0.481926143,0.693747818,0.702467084,0.158915669,-0.444767475,0.244313166,0.861680269);["\x52\x69\x67\x68\x74\x20\x48\x69\x70"]=CFrame.new(-1.49011612e-08,0,5.96046448e-08,0.972825587,0.2211622,-0.0685393438,-0.21641548,0.973760545,0.0703902766,0.0823085755,-0.053644482,0.99516207);["\x4C\x65\x66\x74\x20\x53\x68\x6F\x75\x6C\x64\x65\x72"]=CFrame.new(0.160050005,-0.180598289,0.0711199939,0.962680042,-0.0842809305,-0.257184446,0.0872146264,0.996189535,0,0.256204456,-0.0224302448,0.966362357)},two={["\x52\x6F\x6F\x74\x4A\x6F\x69\x6E\x74"]=CFrame.new(0.00466653844,-1.16633976,-1.65353084,-0.999992013,0.00398920197,0.000306761882,-0.00400097901,-0.997048438,-0.0766711012,0,-0.0766716897,0.997056305);["\x4E\x65\x63\x6B"]=CFrame.new(0,0.0744044334,0.0183845162,0.930191159,0.023627637,-0.366314173,0.0616172552,0.97371614,0.219272017,0.361866891,-0.22653617,0.904286265);["\x4C\x65\x66\x74\x20\x48\x69\x70"]=CFrame.new(-0.453054845,0.189589337,-0.0485174656,-0.0332207084,-0.968407989,-0.247148514,0.996297777,-0.0124691725,-0.0850600898,0.0792911351,-0.24905926,0.965236962);["\x52\x69\x67\x68\x74\x20\x53\x68\x6F\x75\x6C\x64\x65\x72"]=CFrame.new(-0.0842535868,-0.168150365,-0.00907599926,0.969471097,0.0218347013,0.24423191,-0.078444466,0.971300721,0.224547401,-0.232319713,-0.236850783,0.943360686);["\x52\x69\x67\x68\x74\x20\x48\x69\x70"]=CFrame.new(0.48550725,0.219827741,-0.124617964,-0.0363118947,0.984771669,0.170018017,-0.984582841,-0.00612425804,-0.174811438,-0.171108142,-0.173744574,0.969811797);["\x4C\x65\x66\x74\x20\x53\x68\x6F\x75\x6C\x64\x65\x72"]=CFrame.new(0.00738491118,-0.235545725,-0.0607639253,0.950225651,-0.0434731543,-0.308514595,0.0457025766,0.99895519,0,0.308192253,-0.0140999034,0.951219618)}},release={["\x64\x72\x6F\x6F\x70\x31\x5F\x42\x6F\x6E\x65"]=CFrame.new(-0.0790710449,-0.194423676,0.307250977,0.997810781,0.0661340952,2.31957529e-08,0.000198222027,-0.00299106352,0.999995589,0.0661337972,-0.997806311,-0.00299762469),["\x64\x72\x6F\x6F\x70\x31\x5F\x42\x6F\x6E\x65\x2E\x30\x30\x31"]=CFrame.new(-0.0704956055,-0.167751312,-0.11668396,1,-3.6293024e-15,-4.88675436e-16,-8.88181173e-16,-0.3698259,0.92910111,-3.55271368e-15,-0.92910111,-0.3698259),["\x64\x72\x6F\x6F\x70\x31\x5F\x42\x6F\x6E\x65\x2E\x30\x30\x32"]=CFrame.new(-0.0889892578,-0.22561264,-0.414154053,0.985928774,-0.118919171,-0.11748518,-0.00582113024,-0.726801872,0.686822474,-0.167064816,-0.676474094,-0.717267156),["\x64\x72\x6F\x6F\x70\x32\x5F\x42\x6F\x6E\x65"]=CFrame.new(0.26991272,-0.464977264,-0.347137451,-0.166746348,-0.47590968,-0.863542616,-0.00730374362,0.876376152,-0.481572121,0.985972822,-0.0739932954,-0.149608448),["\x64\x72\x6F\x6F\x70\x32\x5F\x42\x6F\x6E\x65\x2E\x30\x30\x31"]=CFrame.new(0.239730835,-0.169029236,-0.246963501,0.0997357816,0.134282649,0.98591125,0.922032893,0.360005677,-0.142307118,-0.374042988,0.923235714,-0.0879075676),["\x64\x72\x6F\x6F\x70\x32\x5F\x42\x6F\x6E\x65\x2E\x30\x30\x32"]=CFrame.new(0.1743927,0.00624465942,0.516937256,-0.00608408358,0.268546999,-0.963247359,0.999979973,0.00330109568,-0.00539577147,0.00173075334,-0.963260949,-0.268561721)},one={offsets={Neck=1,["\x4C\x65\x66\x74\x20\x53\x68\x6F\x75\x6C\x64\x65\x72"]=-0.1,["\x52\x69\x67\x68\x74\x20\x53\x68\x6F\x75\x6C\x64\x65\x72"]=-0.1},fullOffset=0,speed=1,a={["\x52\x6F\x6F\x74\x4A\x6F\x69\x6E\x74"]=CFrame.new(0,0,0,1,0,0,0,0.984028041,0.178013682,0,-0.178013682,0.984028041);["\x4E\x65\x63\x6B"]=CFrame.new(0,0,0,1,0,0,0,0.906818688,-0.421520889,0,0.421520889,0.906818688);["\x4C\x65\x66\x74\x20\x48\x69\x70"]=CFrame.new(1.49011612e-08,-1.1920929e-07,5.96046448e-08,0.973957956,-0.219179749,0.0580184124,0.216672271,0.975134552,0.0465377718,-0.0667758957,-0.0327548534,0.997230172);["\x52\x69\x67\x68\x74\x20\x53\x68\x6F\x75\x6C\x64\x65\x72"]=CFrame.new(0.37492013,-0.235559702,-0.303681999,-0.145807475,-0.863929152,0.482044041,0.979407966,-0.194829583,-0.0529286973,0.139643103,0.46440044,0.874546707);["\x52\x69\x67\x68\x74\x20\x48\x69\x70"]=CFrame.new(-1.49011612e-08,0,5.96046448e-08,0.972825587,0.2211622,-0.0685393438,-0.21641548,0.973760545,0.0703902766,0.0823085755,-0.053644482,0.99516207);["\x4C\x65\x66\x74\x20\x53\x68\x6F\x75\x6C\x64\x65\x72"]=CFrame.new(0.160050005,-0.180598289,0.0711199939,0.962680042,-0.0842809305,-0.257184446,0.0872146264,0.996189535,0,0.256204456,-0.0224302448,0.966362357)},b={["\x52\x6F\x6F\x74\x4A\x6F\x69\x6E\x74"]=CFrame.new(0,0,0,1,0,0,0,0.978434384,0.206558079,0,-0.206558079,0.978434384);["\x4E\x65\x63\x6B"]=CFrame.new(0,-2.98023224e-08,-2.98023224e-08,1,0,0,0,0.859091878,-0.51182133,0,0.51182133,0.859091878);["\x4C\x65\x66\x74\x20\x48\x69\x70"]=CFrame.new(1.49011612e-08,-1.1920929e-07,2.98023224e-08,0.965458989,-0.254013538,0.0580184124,0.251549929,0.966724813,0.0465377718,-0.0679090619,-0.0303357821,0.997230172);["\x52\x69\x67\x68\x74\x20\x53\x68\x6F\x75\x6C\x64\x65\x72"]=CFrame.new(0.168607891,-0.247318774,-0.152241394,0.0726409182,-0.802051604,0.592820823,0.997344911,0.0553558171,-0.0473158807,0.00513369963,0.594684005,0.803943098);["\x52\x69\x67\x68\x74\x20\x48\x69\x70"]=CFrame.new(0,0,5.96046448e-08,0.964256108,0.255954057,-0.0685393438,-0.251243979,0.96536094,0.0703902766,0.0841818824,-0.0506541543,0.99516207);["\x4C\x65\x66\x74\x20\x53\x68\x6F\x75\x6C\x64\x65\x72"]=CFrame.new(0.16005002,-0.180598348,0.0711200237,0.953850448,-0.155001372,-0.257184446,0.160396725,0.987052619,0,0.253854573,-0.0412515476,0.966362357)}},two={offsets={Neck=1,["\x52\x69\x67\x68\x74\x20\x53\x68\x6F\x75\x6C\x64\x65\x72"]=0.5,["\x4C\x65\x66\x74\x20\x53\x68\x6F\x75\x6C\x64\x65\x72"]=-1},fullOffset=0,speed=1,a={["\x70\x5F\x42\x6F\x6E\x65"]=CFrame.new(0.0186233521,4.76837158e-07,-0.759913445,1,5.6528549e-16,3.71217351e-17,3.51854424e-20,0.0654658899,-0.997854888,-5.66503047e-16,0.997854888,0.0654658899),["\x70\x5F\x42\x6F\x6E\x65\x2E\x30\x30\x31"]=CFrame.new(0,0.405059814,1.1920929e-07,1,-5.41442995e-16,-2.82282094e-16,5.60753811e-16,0.997286916,0.073613897,2.41658447e-16,-0.073613897,0.997286916),["\x70\x5F\x42\x6F\x6E\x65\x2E\x30\x30\x32"]=CFrame.new(0,0.462188244,-1.90734863e-06,1,-6.6153346e-17,2.36231083e-16,7.97107965e-18,0.971208453,0.238231152,-2.45189436e-16,-0.238231152,0.971208453),["\x52\x6F\x6F\x74\x4A\x6F\x69\x6E\x74"]=CFrame.new(0.00403023791,-1.00730479,-1.65793526,-0.999992013,0.00389401033,-0.000918975798,-0.00400097901,-0.973256528,0.229685888,0,0.229687721,0.973264277);["\x4E\x65\x63\x6B"]=CFrame.new(0,0.0744044483,0.0183845162,1,0,0,0,0.970803738,-0.239875138,0,0.239875138,0.970803738);["\x4C\x65\x66\x74\x20\x48\x69\x70"]=CFrame.new(-0.796103239,0.0425305963,-0.149314225,0.125657663,-0.960795403,-0.247148514,0.984914541,0.150692359,-0.0850600898,0.118968733,-0.2327317,0.965236962);["\x52\x69\x67\x68\x74\x20\x53\x68\x6F\x75\x6C\x64\x65\x72"]=CFrame.new(0.197512925,-0.203668863,-0.0425203145,-0.286922008,-0.947052181,0.14411141,0.938790858,-0.248042703,0.239053786,-0.190650582,0.20388025,0.960252702);["\x52\x69\x67\x68\x74\x20\x48\x69\x70"]=CFrame.new(0.818685293,0.0747143328,-0.209184557,0.125285208,0.977444351,0.170018017,-0.972319365,0.155035242,-0.174811438,-0.197227255,-0.143410534,0.969811797);["\x4C\x65\x66\x74\x20\x53\x68\x6F\x75\x6C\x64\x65\x72"]=CFrame.new(0.00738489628,-0.235545695,-0.0607639551,0.910292566,0.276018411,-0.308514595,-0.290173203,0.956974268,0,0.295240521,0.0895226672,0.951219618)},b={["\x70\x5F\x42\x6F\x6E\x65"]=CFrame.new(0.0186233521,4.76837158e-07,-0.759913445,1,5.62846352e-16,6.56757517e-17,2.5808523e-20,0.115853474,-0.993266344,-5.66665042e-16,0.993266344,0.115853474),["\x70\x5F\x42\x6F\x6E\x65\x2E\x30\x30\x31"]=CFrame.new(0,0.405060291,1.1920929e-07,1,-5.07053139e-16,-3.3995355e-16,5.60593774e-16,0.983194828,0.182559818,2.41673005e-16,-0.182559818,0.983194828),["\x70\x5F\x42\x6F\x6E\x65\x2E\x30\x30\x32"]=CFrame.new(0,0.462188721,-2.2649765e-06,1,-9.85328149e-17,2.24625223e-16,7.81992232e-18,0.928110003,0.372306228,-2.45161272e-16,-0.372306228,0.928110003),["\x52\x6F\x6F\x74\x4A\x6F\x69\x6E\x74"]=CFrame.new(0.00368777406,-0.921710253,-1.68202162,-0.999992013,0.00383163989,-0.00115168048,-0.00400097901,-0.957667887,0.28784734,0,0.287849665,0.957675517);["\x4E\x65\x63\x6B"]=CFrame.new(0.0651473328,-0.0200318694,0.00997829437,0.974626362,0,-0.22383818,-0.0812549219,0.931786299,-0.353796601,0.208569348,0.363007426,0.90814352);["\x4C\x65\x66\x74\x20\x48\x69\x70"]=CFrame.new(-0.796103239,0.0425305814,-0.149314225,0.156105429,-0.956320405,-0.247148514,0.979632378,0.181893423,-0.0850600898,0.126299381,-0.228836328,0.965236962);["\x52\x69\x67\x68\x74\x20\x53\x68\x6F\x75\x6C\x64\x65\x72"]=CFrame.new(0.125255704,-0.18257691,-0.0369268358,-0.344786406,-0.927552938,0.14411141,0.921705246,-0.305471599,0.239053786,-0.177713051,0.215250716,0.960252702);["\x52\x69\x67\x68\x74\x20\x48\x69\x70"]=CFrame.new(0.818685293,0.0747144148,-0.209184587,0.172552198,0.970216274,0.170018017,-0.96365416,0.202018589,-0.174811438,-0.203951716,-0.133674487,0.969811797);["\x4C\x65\x66\x74\x20\x53\x68\x6F\x75\x6C\x64\x65\x72"]=CFrame.new(-0.0700864196,-0.210850507,-0.0858905911,0.8966465,0.317559034,-0.308514595,-0.333844125,0.942628443,0,0.290814608,0.102995783,0.951219618)}}}
